513257,102,1,478763651,123911695,8,513247,195,149
513257,182,2,478382925,123911688,8,513247,4277,165
513257,459,3,478723239,123911695,8,513247,2879,401
513257,122,4,478728351,123911695,8,513247,344,456
513257,134,5,478462397,123911692,8,513247,274,458
513257,84,6,478431475,123911691,8,513247,4280,472
513257,2320,7,478529479,123911694,8,513247,251,483
513257,221,8,478600489,123911694,8,513247,812,489
513257,695,9,478597789,123911694,8,513247,812,490
513257,689,10,478588299,123911694,8,513247,4278,491
513257,477,11,478574024,123911694,8,513247,3529,496
513257,285,12,478765287,123911695,8,513247,1414,930
513257,460,13,478763446,123911695,8,513247,1419,941
513257,292,14,478467101,123911693,8,513247,1442,1499
513257,290,15,478468819,123911693,8,513247,1443,1504
513257,418,16,478656281,123911694,8,513247,1195,2630
513257,2154,1949,478429921,123911691,8,513247,4279,3517
513257,2578,2199,478682582,123911694,8,513247,4297,3534
513257,2579,2200,478350935,123911689,8,513247,4299,3536
513257,2597,2219,478343572,123911689,8,513247,4311,3548
513257,2605,2227,478505059,123911693,8,513247,4312,3549
513257,3,17,478340788,123948951,4,513256,5,72
513257,23,18,478340788,123945185,4,513256,33,79
513257,2457,19,478340780,124107832,4,513256,43,94
513257,1242,20,478340786,123974182,4,513256,52,142
513257,1,21,478340783,124007545,4,513256,5547,157
513257,625,22,478340783,124019943,4,513256,5542,287
513257,2,24,478340788,123948451,4,513256,6129,681
513257,40,25,478340788,123944818,4,513256,34,682
513257,12,26,478340789,123944718,4,513256,10,683
513257,17,27,478340788,123948718,4,513256,7048,1047
513257,14,28,478340788,123948018,4,513256,9,1048
513257,15,29,478340788,123945885,4,513256,9,1049
513257,2580,2201,478340784,123998880,4,513256,7061,5595
513257,2581,2202,478340782,124057538,4,513256,7063,5597
513257,2582,2203,478340783,124009444,4,513256,7070,5604
513257,2583,2204,478340780,124102267,4,513256,7073,5607
513257,2584,2205,478340780,124104533,4,513256,7074,5608
513257,2584,2206,478340780,124103733,4,513256,7075,5609
513257,2585,2207,478340789,123936086,4,513256,7076,5610
513257,2586,2208,478340788,123949451,4,513256,7077,5611
513257,2587,2209,478340788,123954517,4,513256,7079,5613
513257,2588,2210,478340780,124110899,4,513256,7080,5614
513257,2589,2211,478340777,124202488,4,513256,7081,5615
513257,2590,2212,478340791,123914922,4,513256,7083,5617
513257,2591,2213,478340781,124082335,4,513256,7085,5619
513257,2592,2214,478340785,123990747,4,513256,7087,5621
513257,2593,2215,478340785,123984981,4,513256,7088,5622
513257,2607,2229,478340780,124092401,4,513256,7089,5623
513257,2608,2230,478340777,124204920,4,513256,7090,5624
513257,67,55,478790731,124053877,6,513350,19,28
513257,68,60,478790731,124054343,6,513350,21,29
513257,2227,128,478790731,124130368,6,513350,2849,30
513257,198,152,478790730,123939758,6,513350,326,31
513257,401,183,478790730,123945957,6,513350,1109,32
513257,90,225,478790730,124188229,6,513350,1,33
513257,158,335,478790730,123945491,6,513350,1202,34
513257,91,417,478790730,124188629,6,513350,64,36
513257,2572,419,478790730,123955623,6,513350,183,37
513257,253,496,478790731,124034046,6,513350,602,38
513257,334,512,478790730,123959489,6,513350,1192,40
513257,375,532,478790731,124054743,6,513350,913,41
513257,378,538,478790730,123951256,6,513350,1018,42
513257,2570,2195,478790730,123955390,6,513350,1179,1338
513257,2594,2216,478790731,124118602,6,513350,3023,2500
513257,2596,2218,478790730,123971054,6,513350,3024,2501
513257,2598,2220,478790731,124141567,6,513350,3025,2502
513257,2602,2224,478790731,124120635,6,513350,3026,2503
513257,2603,2225,478790730,124183729,6,513350,3027,2504
513257,2604,2226,478790730,124163498,6,513350,3028,2505
513257,2610,2232,478790731,124120835,6,513350,3029,2506
513257,2611,2233,478790730,123969288,6,513350,3032,2509
513257,2612,2234,478790731,124146000,6,513350,3037,2514
513257,2613,2235,478790730,124185796,6,513350,3043,2520
513257,2614,2236,478790730,124182529,6,513350,3045,2522
513257,2615,2237,478790731,124077574,6,513350,3048,2525
513257,2574,65,478584160,124211657,2,513267,343,1
513257,478,66,478564689,124211656,2,513267,5,2
513257,2576,67,478636313,124211658,2,513267,2071,3
513257,2577,82,478402747,124211654,2,513267,16,4
513257,476,111,478497196,124211655,2,513267,69,5
513257,2573,112,478733790,124211660,2,513267,346,6
513257,213,184,478610788,124211657,2,513267,115,9
513257,2511,185,478423199,124211654,2,513267,156,10
513257,2595,186,478428189,124211654,2,513267,157,11
513257,2527,187,478388676,124211654,2,513267,149,13
513257,2414,189,478348016,124211654,2,513267,2704,14
513257,2234,190,478375586,124211654,2,513267,3,15
513257,546,191,478441566,124211655,2,513267,2808,16
513257,543,192,478443366,124211655,2,513267,165,17
513257,1785,193,478434612,124211654,2,513267,266,18
513257,395,194,478397348,124211654,2,513267,148,19
513257,1959,198,478560680,124211656,2,513267,83,20
513257,215,233,478671082,124211659,2,513267,116,23
513257,2575,2197,478618028,124211658,2,513267,191,396
513257,1426,2198,478615574,124211657,2,513267,194,403
513257,2595,2217,478429498,124211654,2,513267,2793,2352
513257,2599,2221,478578760,124211657,2,513267,2794,2353
513257,2600,2222,478559084,124211656,2,513267,2795,2354
513257,2601,2223,478728472,124211660,2,513267,2796,2355
513257,2606,2228,478368183,124211654,2,513267,2797,2356
513257,2609,2231,478360084,124211654,2,513267,2798,2357
513257,2616,2238,478432689,124211654,2,513267,2804,2364
513257,2617,2239,478554504,124211656,2,513267,2805,2365
513257,2618,2240,478438416,124211654,2,513267,2807,2367
513257,2618,2241,478438866,124211654,2,513267,2808,2368
513257,2619,2242,478447251,124211655,2,513267,2809,2369
513257,2620,2243,478578269,124211657,2,513267,2810,2370
513257,2621,2244,478557204,124211656,2,513267,2811,2371
513257,2622,2245,478625923,124211658,2,513267,2812,2372
513257,2623,2246,478636926,124211658,2,513267,2813,2373
513257,2624,2247,478587145,124211657,2,513267,2814,2374
513257,2625,2248,478380413,124211654,2,513267,2830,2391
513257,2626,2249,478341881,124211654,2,513267,2834,2395
513257,2627,2250,478396693,124211654,2,513267,2835,2396
513257,2628,2251,478375054,124211654,2,513267,2836,2397
