533952,3722,1,501715113,128711588,8,533942,2868,697
533952,1517,2,501559386,128711584,8,533942,1566,700
533952,2605,3,501567894,128711584,8,533942,2961,1099
533952,3707,4,501593828,128711585,8,533942,3017,1518
533952,3705,5,501577179,128711584,8,533942,3479,3890
533952,11202,6,501546009,128711583,8,533942,13366,3891
533952,1413,7,501585647,128711585,8,533942,1513,3959
533952,4152,8,501562249,128711584,8,533942,4668,4279
533952,3706,9,501568794,128711584,8,533942,4666,4281
533952,13061,10,501574685,128711584,8,533942,10347,4285
533952,2019,11,501581679,128711584,8,533942,2115,4291
533952,44,12,501625408,128711586,8,533942,115,5147
533952,2233,13,501292026,128711577,8,533942,2187,5148
533952,10067,14,501521425,128711583,8,533942,18203,5149
533952,275,15,501527397,128711583,8,533942,561,5150
533952,129,16,501440759,128711580,8,533942,116,5165
533952,13408,17,501312438,128711577,8,533942,2192,5168
533952,997,18,501500195,128711582,8,533942,1013,5173
533952,1641,19,501706237,128711588,8,533942,1673,7278
533952,277,20,501541059,128711583,8,533942,18204,7914
533952,2606,21,501548300,128711583,8,533942,4219,7915
533952,5047,22,501687134,128711587,8,533942,5298,10070
533952,4517,23,501708528,128711588,8,533942,4552,10102
533952,8050,24,501732908,128711588,8,533942,17175,10547
533952,8054,25,501734503,128711588,8,533942,16202,10552
533952,8051,26,501732008,128711588,8,533942,8440,10554
533952,8192,27,501703496,128711588,8,533942,8444,10558
533952,8040,28,501710819,128711588,8,533942,8490,10660
533952,13020,9829,501418179,128711580,8,533942,13607,13616
533952,13078,9837,501419529,128711580,8,533942,18202,13617
533952,15361,11104,501434050,128711580,8,533942,18250,13663
533952,15362,11105,501433723,128711580,8,533942,18251,13664
533952,15363,11106,501691593,128711587,8,533942,18252,13665
533952,15364,11107,501300494,128711577,8,533942,18253,13666
533952,15365,11108,501504571,128711582,8,533942,18264,13677
533952,15366,11109,501504653,128711582,8,533942,18265,13678
533952,15367,11110,501501095,128711582,8,533942,18266,13679
533952,15368,11111,501538277,128711583,8,533942,18267,13680
533952,15369,11112,501539546,128711583,8,533942,18268,13681
533952,15371,11114,501723826,128711588,8,533942,18291,13704
533952,15388,11131,501424560,128711580,8,533942,18292,13705
533952,15389,11132,501723908,128711588,8,533942,18293,13706
533952,15390,11133,501502649,128711582,8,533942,18294,13707
533952,15391,11134,501532756,128711583,8,533942,18295,13708
533952,15392,11135,501534883,128711583,8,533942,18296,13709
533952,15393,11136,501537583,128711583,8,533942,18297,13710
533952,15394,11137,501551572,128711583,8,533942,18298,13711
533952,15396,11139,501553986,128711584,8,533942,18299,13712
533952,15398,11141,501556604,128711584,8,533942,18300,13713
533952,15399,11142,501558117,128711584,8,533942,18301,13714
533952,15413,11156,501302743,128711577,8,533942,18302,13715
533952,15414,11157,501693147,128711588,8,533942,18303,13716
533952,15421,11164,501519789,128711583,8,533942,18304,13717
533952,15423,11166,501600823,128711585,8,533942,18305,13718
533952,1859,1434,501288508,128714410,4,533951,392,1511
533952,10068,3649,501288508,128844127,4,533951,1201,1512
533952,872,3915,501288506,128941850,4,533951,127,1513
533952,10384,4146,501288508,128819630,4,533951,1217,1514
533952,829,4318,501288506,128952782,4,533951,137,1515
533952,10851,4723,501288508,128818797,4,533951,1018,1516
533952,11205,4724,501288508,128847960,4,533951,1199,1517
533952,516,4725,501288508,128737407,4,533951,139,1518
533952,140,4726,501288508,128845694,4,533951,96,1519
533952,838,5283,501288508,128822429,4,533951,235,1520
533952,509,5320,501288505,128969513,4,533951,217,1521
533952,8125,9356,501288508,128816330,4,533951,936,1522
533952,15370,11113,501288508,128837562,4,533951,1822,1532
533952,15395,11138,501288505,128970113,4,533951,1824,1534
533952,15397,11140,501288505,128972080,4,533951,1825,1535
533952,15401,11144,501288506,128957914,4,533951,1826,1536
533952,15407,11150,501288508,128835062,4,533951,1827,1537
533952,817,474,501738462,128972923,6,533953,327,114
533952,2795,1131,501738463,128917564,6,533953,4993,115
533952,2796,1134,501738464,128882934,6,533953,3288,116
533952,2821,1197,501738462,128938528,6,533953,6073,117
533952,2822,1201,501738462,128982622,6,533953,4995,118
533952,10069,3654,501738462,128983656,6,533953,17645,119
533952,10070,3657,501738462,128945961,6,533953,16056,120
533952,3363,3658,501738463,128902366,6,533953,4113,121
533952,10071,3660,501738466,128838773,6,533953,18042,123
533952,10073,3664,501738466,128837606,6,533953,16021,124
533952,3365,3665,501738463,128910665,6,533953,4115,125
533952,10074,3666,501738464,128880034,6,533953,17901,127
533952,12814,3667,501738465,128866703,6,533953,17904,128
533952,1096,3699,501738465,128851905,6,533953,1157,129
533952,3864,4105,501738461,129010219,6,533953,5020,130
533952,12666,4720,501738466,128835006,6,533953,16045,131
533952,460,4781,501738470,128736086,6,533953,547,132
533952,940,4841,501738471,128723253,6,533953,979,133
533952,14703,4844,501738471,128720320,6,533953,24723,134
533952,7863,5051,501738464,128891533,6,533953,9813,135
533952,10979,5066,501738464,128879169,6,533953,17902,137
533952,13884,5069,501738465,128868136,6,533953,13599,138
533952,11027,5189,501738461,128986489,6,533953,17644,139
533952,11031,5198,501738462,128979923,6,533953,17891,140
533952,11034,5210,501738462,128976223,6,533953,17638,141
533952,11042,5218,501738462,128960959,6,533953,18002,143
533952,8259,5221,501738462,128970158,6,533953,9681,145
533952,12525,5275,501738462,128958792,6,533953,16055,146
533952,2178,5276,501738464,128895300,6,533953,2121,147
533952,50,5277,501738464,128882501,6,533953,115,148
533952,160,5281,501738461,129009719,6,533953,235,149
533952,2183,5284,501738470,128737118,6,533953,21114,150
533952,5841,5286,501738470,128735286,6,533953,8077,151
533952,5842,5288,501738471,128727487,6,533953,13672,152
533952,5843,5290,501738462,128933862,6,533953,9791,155
533952,1654,5291,501738465,128845138,6,533953,1561,156
533952,51,5340,501738462,128956225,6,533953,118,157
533952,52,5343,501738462,128956925,6,533953,119,158
533952,58,5356,501738463,128926263,6,533953,22577,159
533952,56,5357,501738462,128926996,6,533953,22592,160
533952,11082,5358,501738462,128930629,6,533953,20312,161
533952,7684,8643,501738461,128994388,6,533953,13676,162
533952,5011,8705,501738462,128964724,6,533953,6415,163
533952,4401,8802,501738462,128955360,6,533953,6052,164
533952,7808,8850,501738462,128942361,6,533953,13595,165
533952,7809,8852,501738462,128936695,6,533953,13596,166
533952,7810,8853,501738462,128931828,6,533953,13541,167
533952,7979,9151,501738466,128831407,6,533953,13601,168
533952,5041,9160,501738466,128841573,6,533953,7094,169
533952,7986,9167,501738466,128830374,6,533953,13602,170
533952,4530,9269,501738469,128751017,6,533953,5068,173
533952,5049,9272,501738470,128749217,6,533953,24042,174
533952,8189,9275,501738469,128765415,6,533953,13603,175
533952,8123,9350,501738463,128925696,6,533953,13540,176
533952,4589,9487,501738470,128750484,6,533953,6099,177
533952,8191,9490,501738465,128866536,6,533953,13674,178
533952,14937,11103,501738471,128719821,6,533953,23999,17989
533952,15372,11115,501738464,128887134,6,533953,26651,19514
533952,15374,11117,501738462,128968958,6,533953,26652,19515
533952,15375,11118,501738461,128992621,6,533953,26653,19516
533952,15378,11121,501738471,128712454,6,533953,26654,19517
533952,15379,11122,501738470,128729186,6,533953,26655,19518
533952,15382,11125,501738464,128890067,6,533953,26656,19519
533952,15383,11126,501738464,128890267,6,533953,26657,19520
533952,15385,11128,501738463,128914564,6,533953,26658,19521
533952,15411,11154,501738465,128857204,6,533953,26659,19522
533952,15412,11155,501738464,128875002,6,533953,26660,19523
533952,15415,11158,501738470,128744551,6,533953,26661,19524
533952,15416,11159,501738470,128741951,6,533953,26662,19525
533952,15417,11160,501738470,128740785,6,533953,26663,19526
533952,15418,11161,501738471,128716388,6,533953,26664,19527
533952,15419,11162,501738462,128960125,6,533953,26665,19528
533952,15420,11163,501738462,128952560,6,533953,26666,19529
533952,15424,11167,501738462,128957959,6,533953,26684,19547
533952,15425,11168,501738461,128988356,6,533953,26689,19552
533952,15426,11169,501738462,128980790,6,533953,26692,19555
533952,15427,11170,501738464,128894200,6,533953,26693,19556
533952,15428,11171,501738465,128846438,6,533953,26699,19562
533952,15429,11172,501738471,128716654,6,533953,26700,19563
533952,15430,11173,501738469,128756483,6,533953,26711,19574
533952,15431,11174,501738470,128744118,6,533953,26712,19575
533952,15432,11175,501738470,128732519,6,533953,26713,19576
533952,1021,717,501573896,129011548,2,533962,578,1
533952,2520,1432,501476828,129011546,2,533962,1916,2
533952,12838,3650,501557984,129011548,2,533962,8192,3
533952,14505,3668,501539617,129011547,2,533962,1192,5
533952,3367,3671,501635992,129011550,2,533962,2398,7
533952,1321,3683,501512538,129011547,2,533962,685,8
533952,12466,4134,501694937,129011552,2,533962,6936,9
533952,3529,4321,501433264,129011545,2,533962,2191,10
533952,3708,4721,501412894,129011545,2,533962,2504,12
533952,3709,4722,501438050,129011545,2,533962,2191,13
533952,13588,4883,501689333,129011551,2,533962,1345,14
533952,4298,5113,501677512,129011551,2,533962,2237,15
533952,1140,5278,501675467,129011551,2,533962,539,16
533952,12469,5279,501696819,129011552,2,533962,6939,17
533952,160,5280,501737561,129011553,2,533962,8852,18
533952,2186,5303,501653582,129011550,2,533962,8553,21
533952,13081,5305,501650719,129011550,2,533962,7713,23
533952,13987,5338,501485418,129011546,2,533962,9730,24
533952,7483,8304,501659186,129011550,2,533962,4051,25
533952,7485,8306,501660290,129011550,2,533962,4052,26
533952,7487,8310,501684384,129011551,2,533962,3896,28
533952,4592,9492,501574960,129011548,2,533962,8299,31
533952,13147,9512,501510819,129011547,2,533962,3433,32
533952,8204,9528,501534340,129011547,2,533962,5796,33
533952,8252,9629,501518429,129011547,2,533962,5794,34
533952,14501,9631,501391787,129011544,2,533962,1,35
533952,12852,9635,501463370,129011545,2,533962,8025,36
533952,14682,10591,501467829,129011546,2,533962,2,38
533952,15373,11116,501615048,129011549,2,533962,11649,8840
533952,15376,11119,501662786,129011551,2,533962,11650,8841
533952,15377,11120,501682052,129011551,2,533962,11651,8842
533952,15380,11123,501598359,129011549,2,533962,11652,8843
533952,15381,11124,501657427,129011550,2,533962,11653,8844
533952,15384,11127,501623025,129011549,2,533962,11654,8845
533952,15386,11129,501396000,129011544,2,533962,11655,8846
533952,15387,11130,501674198,129011551,2,533962,11656,8847
533952,15400,11143,501352765,129011543,2,533962,11657,8848
533952,15402,11145,501365445,129011544,2,533962,11658,8849
533952,15403,11146,501363522,129011544,2,533962,11658,8850
533952,15404,11147,501366222,129011544,2,533962,11659,8851
533952,15405,11148,501507875,129011547,2,533962,11660,8852
533952,15406,11149,501507343,129011547,2,533962,11660,8853
533952,15408,11151,501373994,129011544,2,533962,11661,8854
533952,15409,11152,501383933,129011544,2,533962,11662,8855
533952,15410,11153,501402872,129011544,2,533962,11663,8856
533952,15422,11165,501605067,129011549,2,533962,11664,8857
533952,15433,11176,501524523,129011547,2,533962,11670,8863
533952,15434,11177,501630674,129011550,2,533962,11671,8864
533952,15435,11178,501391664,129011544,2,533962,11672,8865
533952,15436,11179,501384465,129011544,2,533962,11673,8866
533952,15437,11180,501442222,129011545,2,533962,11674,8867
533952,15438,11181,501453021,129011545,2,533962,11675,8868
533952,15439,11182,501465211,129011546,2,533962,11676,8869
533952,15440,11183,501460956,129011545,2,533962,11679,8872
533952,15441,11184,501484559,129011546,2,533962,11691,8884
533952,15442,11185,501455312,129011545,2,533962,11692,8885
533952,15443,11186,501392810,129011544,2,533962,11695,8888
533952,15444,11187,501603267,129011549,2,533962,11696,8889
533952,15445,11188,501627730,129011550,2,533962,11697,8890
