523310,908,1,479215714,125111560,8,523300,7,20
523310,902,2,479069929,125111558,8,523300,2501,48
523310,2,3,479229989,125111560,8,523300,43,74
523310,1012,4,479024932,125111557,8,523300,1010,103
523310,1,5,479172643,125111560,8,523300,1199,121
523310,1229,6,479103021,125111559,8,523300,1711,139
523310,255,7,478994090,125111557,8,523300,2500,149
523310,260,8,478999735,125111557,8,523300,116,150
523310,903,9,479084451,125111559,8,523300,1867,247
523310,1162,10,479068170,125111558,8,523300,1196,249
523310,382,11,479071605,125111558,8,523300,1197,252
523310,392,421,478869209,125111556,8,523300,2499,2090
523310,1862,1568,479026446,125111557,8,523300,2523,2115
523310,1863,1569,479161557,125111560,8,523300,2524,2116
523310,1863,1570,479156772,125111560,8,523300,2525,2117
523310,1864,1571,479188677,125111560,8,523300,2527,2119
523310,1865,1572,479226389,125111560,8,523300,2528,2120
523310,1866,1573,479084860,125111559,8,523300,2537,2129
523310,1867,1574,479084246,125111559,8,523300,2539,2131
523310,1867,1575,479078723,125111558,8,523300,2540,2132
523310,1882,1591,478809814,125111556,8,523300,2550,2142
523310,1883,1592,478858287,125111556,8,523300,2551,2143
523310,1884,1593,479165566,125111560,8,523300,2552,2144
523310,1885,1594,479219804,125111560,8,523300,2553,2145
523310,1891,1600,479024400,125111557,8,523300,2554,2146
523310,1894,1603,479023582,125111557,8,523300,2555,2147
523310,374,12,478790701,125318697,4,523217,3577,140
523310,988,13,478790699,125361159,4,523217,1987,194
523310,379,14,478790701,125318031,4,523217,194,195
523310,527,15,478790698,125364559,4,523217,5353,370
523310,75,16,478790696,125406721,4,523217,362,378
523310,486,17,478790697,125391889,4,523217,2287,384
523310,61,19,478790711,125129554,4,523217,129,1774
523310,317,20,478790711,125134287,4,523217,1929,1836
523310,318,21,478790711,125132987,4,523217,1930,1837
523310,314,22,478790711,125139653,4,523217,1944,1852
523310,315,23,478790711,125140919,4,523217,1945,1853
523310,1868,1576,478790697,125405354,4,523217,5372,4373
523310,1869,1577,478790711,125127054,4,523217,5387,4388
523310,1870,1578,478790711,125122388,4,523217,5388,4389
523310,1870,1579,478790711,125121521,4,523217,5389,4390
523310,1871,1580,478790706,125238107,4,523217,5392,4393
523310,1872,1581,478790700,125340194,4,523217,5393,4394
523310,1873,1582,478790701,125310798,4,523217,5396,4397
523310,1874,1583,478790699,125354760,4,523217,5397,4398
523310,1875,1584,478790700,125324663,4,523217,5398,4399
523310,1876,1585,478790709,125196880,4,523217,5399,4400
523310,1877,1586,478790711,125125687,4,523217,5408,4409
523310,1881,1590,478790698,125362659,4,523217,5409,4410
523310,1886,1595,478790711,125150552,4,523217,5410,4411
523310,1892,1601,478790710,125175982,4,523217,5411,4412
523310,63,73,479240665,125121160,6,523311,534,4
523310,64,117,479240659,125276807,6,523311,455,5
523310,694,1398,479240659,125300804,6,523311,1101,6
523310,1887,1596,479240663,125168454,6,523311,1608,1367
523310,1888,1597,479240663,125174120,6,523311,1608,1368
523310,1889,1598,479240657,125363932,6,523311,1609,1369
523310,1893,1602,479240659,125303371,6,523311,1610,1370
523310,1895,1604,479240659,125275774,6,523311,1611,1371
523310,1896,1605,479240659,125263909,6,523311,1612,1372
523310,1898,1607,479240659,125319302,6,523311,1613,1373
523310,1899,1608,479240659,125320036,6,523311,1614,1374
523310,1902,1611,479240662,125188085,6,523311,1617,1377
523310,1903,1612,479240659,125303604,6,523311,1625,1385
523310,1904,1613,479240659,125317237,6,523311,1626,1386
523310,1904,1614,479240659,125316970,6,523311,1627,1387
523310,1905,1615,479240657,125383295,6,523311,1628,1388
523310,3,24,478963071,125411523,2,523320,38,1
523310,7,25,479092947,125411524,2,523320,34,2
523310,4,26,478962540,125411523,2,523320,39,3
523310,8,27,479093520,125411524,2,523320,36,4
523310,13,33,478934723,125411523,2,523320,88,5
523310,1327,63,479073190,125411524,2,523320,2583,6
523310,35,67,478869641,125411522,2,523320,151,7
523310,71,85,478830618,125411522,2,523320,357,8
523310,72,86,479085134,125411524,2,523320,2096,9
523310,91,89,478825096,125411521,2,523320,616,10
523310,1087,103,479089306,125411524,2,523320,1811,11
523310,256,108,479086648,125411524,2,523320,2455,12
523310,1861,119,479198974,125411526,2,523320,2584,13
523310,357,266,478914802,125411523,2,523320,626,14
523310,119,281,478858842,125411522,2,523320,1304,15
523310,92,284,478911815,125411523,2,523320,624,16
523310,98,325,478803376,125411521,2,523320,1517,17
523310,98,326,478810616,125411521,2,523320,1316,18
523310,99,328,478812906,125411521,2,523320,1312,19
523310,84,329,478824401,125411521,2,523320,349,20
523310,129,330,478873445,125411522,2,523320,680,21
523310,246,331,478876717,125411523,2,523320,982,22
523310,249,333,478884203,125411523,2,523320,1028,23
523310,252,335,478928914,125411523,2,523320,843,24
523310,363,345,478989374,125411523,2,523320,2093,26
523310,1860,1564,478805421,125411521,2,523320,1525,1467
523310,1859,1565,478804194,125411521,2,523320,1528,1470
523310,1859,1566,478809225,125411521,2,523320,1539,1473
523310,1878,1587,478977143,125411523,2,523320,3253,2695
523310,1879,1588,478967366,125411523,2,523320,3254,2696
523310,1880,1589,478937791,125411523,2,523320,3255,2697
523310,1890,1599,479005205,125411523,2,523320,3256,2698
523310,1897,1606,479018827,125411523,2,523320,3257,2699
523310,1900,1609,479081371,125411524,2,523320,3258,2700
523310,1901,1610,479044678,125411524,2,523320,3259,2701
523310,1906,1616,478972398,125411523,2,523320,3267,2709
523310,1907,1617,478940000,125411523,2,523320,3268,2710
523310,1908,1618,478808530,125411521,2,523320,3269,2711
523310,1909,1619,478968102,125411523,2,523320,3270,2712
523310,1910,1620,478968470,125411523,2,523320,3271,2713
523310,1910,1621,478969248,125411523,2,523320,3272,2714
523310,1911,1622,478992401,125411523,2,523320,3278,2720
523310,1912,1623,479089756,125411524,2,523320,3285,2727
