513340,12,1,478813604,123611731,8,513330,33,21
513340,36,2,478840642,123611731,8,513330,52,31
513340,139,3,478810045,123611731,8,513330,35,33
513340,54,4,478936933,123611732,8,513330,36,35
513340,1202,5,478934561,123611732,8,513330,171,128
513340,4129,6,478841869,123611731,8,513330,464,184
513340,4127,7,478805381,123611731,8,513330,439,185
513340,5296,8,478808286,123611731,8,513330,440,186
513340,4169,9,478821130,123611731,8,513330,441,187
513340,4126,10,478798632,123611731,8,513330,442,188
513340,5301,11,478802518,123611731,8,513330,483,189
513340,5299,12,478803704,123611731,8,513330,485,190
513340,294,13,479158393,123611737,8,513330,122,203
513340,5706,14,479239797,123611739,8,513330,130,207
513340,2844,15,478931943,123611732,8,513330,240,398
513340,2591,16,479166452,123611737,8,513330,267,453
513340,1944,17,479168292,123611737,8,513330,299,487
513340,2391,18,478859827,123611731,8,513330,310,495
513340,2575,19,479233825,123611739,8,513330,329,507
513340,1943,20,478934847,123611732,8,513330,365,515
513340,4130,22,478802027,123611731,8,513330,486,543
513340,6421,24,478813154,123611731,8,513330,220,556
513340,6684,5027,479144485,123611736,8,513330,3232,2758
513340,6939,5228,478804072,123611731,8,513330,3248,2775
513340,6940,5229,478848333,123611731,8,513330,3250,2777
513340,6941,5230,478928793,123611732,8,513330,3251,2778
513340,6948,5237,478929365,123611732,8,513330,3268,2795
513340,11,25,478790732,123850369,4,513247,130,92
513340,133,26,478790737,123614931,4,513247,34,93
513340,221,27,478790733,123753647,4,513247,257,185
513340,494,28,478790737,123631794,4,513247,3786,219
513340,735,29,478790733,123776177,4,513247,512,220
513340,399,30,478790733,123786610,4,513247,403,224
513340,739,31,478790732,123846036,4,513247,434,225
513340,908,32,478790731,123870000,4,513247,777,227
513340,919,33,478790730,123896197,4,513247,714,306
513340,4128,34,478790737,123623163,4,513247,2641,370
513340,5436,35,478790731,123852868,4,513247,4275,391
513340,5364,36,478790731,123888398,4,513247,2898,397
513340,5350,37,478790730,123901796,4,513247,2492,398
513340,1934,38,478790733,123772345,4,513247,1416,801
513340,2598,39,478790733,123755079,4,513247,1247,819
513340,1330,40,478790732,123840637,4,513247,866,888
513340,1767,41,478790733,123755679,4,513247,1338,896
513340,1647,42,478790733,123746347,4,513247,1016,911
513340,1572,43,478790733,123759579,4,513247,1017,912
513340,5496,44,478790733,123751447,4,513247,1391,915
513340,1283,45,478790733,123769978,4,513247,875,931
513340,5592,46,478790733,123768612,4,513247,875,932
513340,2374,47,478790733,123774444,4,513247,1417,934
513340,2651,48,478790732,123820006,4,513247,2024,935
513340,5357,49,478790732,123818272,4,513247,2897,936
513340,1842,50,478790732,123833738,4,513247,1418,937
513340,1760,51,478790732,123831371,4,513247,1418,938
513340,1418,52,478790732,123844536,4,513247,876,939
513340,1330,53,478790732,123843037,4,513247,877,940
513340,2979,54,478790737,123623463,4,513247,1690,1897
513340,1674,55,478790737,123615564,4,513247,1103,1969
513340,1675,56,478790737,123616664,4,513247,1125,2003
513340,6875,57,478790731,123868866,4,513247,966,2045
513340,3025,58,478790730,123897030,4,513247,1996,2054
513340,3026,59,478790730,123896797,4,513247,1997,2055
513340,6826,60,478790733,123780144,4,513247,986,2363
513340,3131,61,478790731,123879965,4,513247,2101,2376
513340,3167,62,478790731,123887498,4,513247,2102,2377
513340,3167,63,478790731,123888131,4,513247,2275,2517
513340,6916,5210,478790731,123855835,4,513247,4276,3516
513340,6942,5231,478790733,123786910,4,513247,4304,3541
513340,6943,5232,478790731,123862134,4,513247,4305,3542
513340,6944,5233,478790737,123619463,4,513247,4306,3543
513340,6950,5239,478790731,123862334,4,513247,4307,3544
513340,6951,5240,478790731,123860434,4,513247,4308,3545
513340,6952,5241,478790731,123865167,4,513247,4309,3546
513340,6953,5242,478790731,123853302,4,513247,4310,3547
513340,120,150,479240695,123778418,6,513341,229,26
513340,274,541,479240698,123665031,6,513341,461,27
513340,6099,1442,479240693,123891239,6,513341,1035,28
513340,5701,1459,479240697,123613072,6,513341,360,29
513340,1711,2862,479240697,123613939,6,513341,5337,30
513340,2187,3595,479240693,123875908,6,513341,2794,31
513340,395,4141,479240698,123671496,6,513341,667,32
513340,396,4142,479240698,123670096,6,513341,667,33
513340,6340,5227,479240695,123783350,6,513341,5778,4801
513340,254,172,479200521,123911702,2,513350,175,1
513340,191,174,479074696,123911699,2,513350,169,2
513340,784,515,479023890,123911698,2,513350,348,3
513340,5513,516,478963717,123911696,2,513350,328,4
513340,495,517,478822677,123911695,2,513350,344,5
513340,5172,873,479092081,123911699,2,513350,1106,6
513340,5797,1428,478794943,123911695,2,513350,1116,7
513340,6938,1440,479204980,123911702,2,513350,331,8
513340,5598,1444,478862518,123911696,2,513350,2736,9
513340,372,1449,478878021,123911696,2,513350,2002,10
513340,1558,3082,478840593,123911695,2,513350,547,11
513340,1987,3357,478813596,123911695,2,513350,662,12
513340,1595,3567,479133518,123911700,2,513350,615,13
513340,2320,3699,478859000,123911695,2,513350,665,14
513340,1635,3792,478881007,123911696,2,513350,551,15
513340,6617,3888,479202894,123911702,2,513350,670,17
513340,2937,3953,479173032,123911701,2,513350,667,18
513340,3201,3956,479179905,123911701,2,513350,624,20
513340,2943,3958,479190499,123911702,2,513350,636,21
513340,2944,3959,479193567,123911702,2,513350,1250,22
513340,2945,3960,479193895,123911702,2,513350,669,23
513340,3088,3962,479195121,123911702,2,513350,657,24
513340,2946,3964,479195857,123911702,2,513350,654,25
513340,3095,4338,479131472,123911700,2,513350,1040,26
513340,3148,4382,479177123,123911701,2,513350,3022,27
513340,6945,5234,478830203,123911695,2,513350,3020,2496
513340,6946,5235,479175077,123911701,2,513350,3021,2497
513340,6947,5236,479175282,123911701,2,513350,3021,2498
513340,6949,5238,479179782,123911701,2,513350,3022,2499
513340,6954,5243,478799033,123911695,2,513350,3039,2516
513340,6955,5244,478867794,123911696,2,513350,3046,2523
513340,6956,5245,478811591,123911695,2,513350,3047,2524
