523301,40,17,479258880,124811594,8,513371,207,1386
523301,1068,29,479581454,124811601,8,513371,1575,1387
523301,436,54,479372799,124811595,8,513371,1574,1388
523301,49,100,479418572,124811596,8,513371,205,1389
523301,63,101,479404050,124811595,8,513371,200,1390
523301,918,102,479671814,124811603,8,513371,834,1391
523301,62,104,479556298,124811600,8,513371,1476,1392
523301,2451,105,479686418,124811603,8,513371,1343,1393
523301,78,130,479325677,124811594,8,513371,766,1394
523301,2,140,479262643,124811594,8,513371,1540,1395
523301,1195,204,479670301,124811603,8,513371,324,1396
523301,93,207,479551512,124811600,8,513371,1339,1397
523301,94,208,479553189,124811600,8,513371,831,1398
523301,68,219,479430558,124811596,8,513371,325,1399
523301,2445,2033,479337539,124811594,8,513371,1588,1412
523301,2446,2034,479485411,124811598,8,513371,1596,1420
523301,2447,2035,479499277,124811599,8,513371,1597,1421
523301,2448,2036,479501118,124811599,8,513371,1598,1422
523301,2449,2037,479533555,124811600,8,513371,1600,1424
523301,2450,2038,479634099,124811602,8,513371,1601,1425
523301,2451,2039,479684250,124811603,8,513371,1603,1427
523301,2452,2040,479544231,124811600,8,513371,1605,1429
523301,2453,2041,479677622,124811603,8,513371,1606,1430
523301,2454,2042,479669892,124811603,8,513371,1607,1431
523301,2455,2043,479247713,124811594,8,513371,1608,1432
523301,2455,2044,479248736,124811594,8,513371,1609,1433
523301,2456,2045,479530610,124811600,8,513371,1610,1434
523301,2456,2046,479531591,124811600,8,513371,1611,1435
523301,2457,2047,479255076,124811594,8,513371,1612,1436
523301,2457,2048,479252540,124811594,8,513371,1613,1437
523301,2458,2049,479562270,124811600,8,513371,1614,1438
523301,2469,2061,479331036,124811594,8,513371,1618,1442
523301,2471,2063,479377258,124811595,8,513371,1619,1443
523301,2472,2064,479376972,124811595,8,513371,1620,1444
523301,2489,2082,479587550,124811601,8,513371,1621,1445
523301,2490,2083,479661384,124811602,8,513371,1622,1446
523301,2493,2086,479678113,124811603,8,513371,1623,1447
523301,236,1,479240677,124868253,4,523300,6,18
523301,137,2,479240677,124899183,4,523300,159,28
523301,130,3,479240677,124901449,4,523300,55,72
523301,844,4,479240674,124985505,4,523300,2294,124
523301,106,5,479240677,124905748,4,523300,111,140
523301,112,6,479240678,124842690,4,523300,963,142
523301,1,7,479240677,124881885,4,523300,179,151
523301,1356,8,479240675,124961208,4,523300,592,152
523301,899,9,479240669,125062464,4,523300,87,214
523301,99,10,479240666,125094728,4,523300,144,260
523301,100,11,479240672,125018868,4,523300,1325,262
523301,1267,12,479240672,125005935,4,523300,1314,264
523301,113,258,479240677,124890650,4,523300,2498,2088
523301,171,306,479240677,124869253,4,523300,261,2089
523301,2459,2050,479240677,124860488,4,523300,2512,2103
523301,2460,2051,479240677,124876652,4,523300,2513,2104
523301,2461,2052,479240677,124906882,4,523300,2515,2106
523301,2462,2053,479240675,124961708,4,523300,2516,2107
523301,2463,2054,479240677,124889317,4,523300,2519,2110
523301,2463,2055,479240677,124887818,4,523300,2520,2111
523301,2464,2056,479240677,124886351,4,523300,2520,2112
523301,2465,2057,479240672,125007869,4,523300,2521,2113
523301,2466,2058,479240669,125052331,4,523300,2530,2122
523301,2467,2059,479240678,124843023,4,523300,2542,2134
523301,2468,2060,479240677,124882518,4,523300,2543,2135
523301,2470,2062,479240677,124879419,4,523300,2544,2136
523301,2482,2074,479240671,125022733,4,523300,2545,2137
523301,2483,2075,479240669,125055797,4,523300,2546,2138
523301,2484,2076,479240668,125077129,4,523300,2547,2139
523301,2491,2084,479240672,125011002,4,523300,2548,2140
523301,2492,2085,479240668,125072263,4,523300,2549,2141
523301,813,56,479690629,124924923,6,523302,24,9
523301,2444,69,479690629,124925690,6,523302,48,10
523301,2170,97,479690628,124935388,6,523302,977,11
523301,105,103,479690626,125060106,6,523302,2,12
523301,2364,106,479690630,124871362,6,523302,1146,13
523301,804,107,479690629,124909125,6,523302,1355,14
523301,50,108,479690629,124916791,6,523302,1419,15
523301,80,132,479690629,124897093,6,523302,703,16
523301,1348,1217,479690629,124914024,6,523302,1,17
523301,1114,2032,479690629,124914557,6,523302,1356,1226
523301,2473,2065,479690625,125094068,6,523302,2236,1877
523301,2474,2066,479690625,125092768,6,523302,2237,1878
523301,2478,2070,479690629,124909892,6,523302,2238,1879
523301,2479,2071,479690629,124924356,6,523302,2239,1880
523301,2480,2072,479690628,124942354,6,523302,2240,1881
523301,2481,2073,479690627,125003380,6,523302,2241,1882
523301,2494,2087,479690630,124866030,6,523302,2242,1883
523301,2495,2088,479690630,124877528,6,523302,2243,1884
523301,2496,2089,479690630,124877695,6,523302,2244,1885
523301,2497,2090,479690629,124913057,6,523302,2245,1886
523301,2498,2091,479690629,124911924,6,523302,2246,1887
523301,2499,2092,479690628,124980649,6,523302,2256,1897
523301,2499,2093,479690628,124995047,6,523302,2257,1898
523301,2500,2094,479690628,124945553,6,523302,2258,1899
523301,2501,2095,479690627,124998014,6,523302,2259,1900
523301,2502,2096,479690627,125004146,6,523302,2260,1901
523301,2503,2097,479690629,124910991,6,523302,2265,1906
523301,2504,2098,479690630,124870629,6,523302,2266,1907
523301,2505,2099,479690629,124912424,6,523302,2267,1908
523301,2506,2100,479690628,124931522,6,523302,2268,1909
523301,2506,2101,479690629,124929622,6,523302,2269,1910
523301,12,61,479494403,125111562,2,523311,386,1
523301,28,139,479644401,125111565,2,523311,1,2
523301,728,188,479330370,125111560,2,523311,42,3
523301,2475,2067,479445848,125111561,2,523311,1603,1359
523301,2476,2068,479526513,125111563,2,523311,1604,1360
523301,2477,2069,479527741,125111563,2,523311,1604,1361
523301,2485,2077,479509169,125111563,2,523311,1605,1362
523301,2486,2078,479342806,125111560,2,523311,1606,1363
523301,2487,2079,479367268,125111560,2,523311,1606,1364
523301,2487,2080,479372913,125111560,2,523311,1607,1365
523301,2488,2081,479378313,125111560,2,523311,1607,1366
523301,2507,2102,479435417,125111561,2,523311,1615,1375
523301,2508,2103,479534121,125111563,2,523311,1616,1376
523301,2509,2104,479434721,125111561,2,523311,1621,1381
523301,2510,2105,479572654,125111563,2,523311,1622,1382
523301,2511,2106,479683506,125111565,2,523311,1623,1383
523301,2512,2107,479323334,125111561,2,523311,1640,1401
523301,2512,2108,479318261,125111561,2,523311,1641,1402
