513373,3950,1,480496601,124511652,8,513363,340,209
513373,307,2,480453324,124511653,8,513363,391,290
513373,462,4,480510837,124511652,8,513363,1173,445
513373,2,6,480345089,124511650,8,513363,456,633
513373,848,7,480562909,124511652,8,513363,790,712
513373,2665,8,480154553,124511651,8,513363,4338,808
513373,2591,9,480376013,124511651,8,513363,4383,938
513373,2683,10,480387140,124511651,8,513363,6458,954
513373,3418,12,480518240,124511652,8,513363,4654,1558
513373,3269,14,480556569,124511652,8,513363,4655,1562
513373,281,15,480576081,124511652,8,513363,10138,1955
513373,2547,16,480354497,124511651,8,513363,5358,1970
513373,716,17,480363455,124511651,8,513363,874,1982
513373,505,18,480367628,124511651,8,513363,874,1983
513373,754,19,480355111,124511651,8,513363,878,1985
513373,116,20,480393930,124511652,8,513363,214,2010
513373,1054,21,480584016,124511652,8,513363,1938,2051
513373,4350,22,480174105,124511651,8,513363,6449,2986
513373,2520,24,480371350,124511651,8,513363,3144,4087
513373,1918,25,480357402,124511651,8,513363,3216,4132
513373,1917,26,480389266,124511651,8,513363,3711,4149
513373,1044,27,480398592,124511652,8,513363,1978,4150
513373,1146,28,480396507,124511652,8,513363,1880,4153
513373,1754,29,480400515,124511652,8,513363,3250,4156
513373,1,30,480474758,124511652,8,513363,1272,4157
513373,1583,31,480458886,124511653,8,513363,3251,4158
513373,1607,32,480460154,124511653,8,513363,3251,4159
513373,1583,33,480456801,124511653,8,513363,3252,4160
513373,1415,35,480567123,124511652,8,513363,2314,4983
513373,2203,36,480535585,124511652,8,513363,3707,5195
513373,2204,37,480526830,124511652,8,513363,3710,5203
513373,2203,38,480528794,124511652,8,513363,3710,5204
513373,2399,39,480453978,124511653,8,513363,3811,5432
513373,3,40,480152998,124511651,8,513363,10306,8021
513373,4736,3986,480193413,124511650,8,513363,11503,8662
513373,4736,3987,480195989,124511650,8,513363,11504,8663
513373,4737,3988,480384440,124511651,8,513363,11505,8664
513373,4738,3989,480348361,124511650,8,513363,11507,8666
513373,4739,3990,480535789,124511652,8,513363,11508,8667
513373,4740,3991,480493779,124511652,8,513363,11521,8680
513373,4741,3992,480485516,124511652,8,513363,11522,8681
513373,4742,3993,480148498,124511651,8,513363,11523,8682
513373,4743,3994,480213702,124511650,8,513363,11524,8683
513373,4744,3995,480165802,124511651,8,513363,11528,8687
513373,4745,3996,480269292,124511649,8,513363,11529,8688
513373,4748,3999,480379203,124511651,8,513363,11536,8696
513373,4749,4000,480587821,124511651,8,513363,11537,8697
513373,4750,4001,480345171,124511650,8,513363,11538,8698
513373,4751,4002,480575794,124511652,8,513363,11539,8699
513373,4752,4003,480379326,124511651,8,513363,11540,8700
513373,125,41,480140595,124806615,4,513372,54,52
513373,122,42,480140601,124634137,4,513372,1795,55
513373,3545,43,480140598,124698628,4,513372,186,111
513373,534,44,480140597,124749154,4,513372,187,113
513373,528,45,480140602,124608740,4,513372,241,122
513373,4001,46,480140604,124519783,4,513372,502,178
513373,3513,47,480140596,124779384,4,513372,1796,276
513373,166,48,480140601,124636903,4,513372,71,564
513373,4767,49,480140595,124809580,4,513372,418,569
513373,4746,3997,480140597,124749921,4,513372,1812,1609
513373,4747,3998,480140603,124541648,4,513372,1820,1617
513373,4761,4013,480140603,124556912,4,513372,1825,1622
513373,25,118,480590561,124542448,6,513374,99,1
513373,1095,281,480590561,124529316,6,513374,1305,2
513373,601,287,480590559,124591575,6,513374,889,3
513373,463,288,480590556,124706029,6,513374,913,4
513373,197,289,480590555,124730726,6,513374,397,5
513373,3268,534,480590561,124543548,6,513374,4692,6
513373,3475,535,480590554,124765455,6,513374,4741,7
513373,3047,573,480590561,124532082,6,513374,4699,8
513373,3511,575,480590562,124516584,6,513374,393,9
513373,3470,576,480590562,124524516,6,513374,4751,10
513373,406,589,480590557,124659300,6,513374,488,11
513373,3113,693,480590555,124713528,6,513374,4739,12
513373,1582,1451,480590561,124526950,6,513374,2155,13
513373,3635,1772,480590554,124778987,6,513374,3731,15
513373,4731,1783,480590554,124752724,6,513374,1726,16
513373,4732,1786,480590555,124739991,6,513374,5141,17
513373,1920,1794,480590555,124716628,6,513374,3681,18
513373,4220,1810,480590556,124696063,6,513374,3601,19
513373,1925,1811,480590556,124689397,6,513374,3604,20
513373,1931,1823,480590558,124635603,6,513374,3613,21
513373,858,1999,480590559,124591042,6,513374,888,22
513373,2193,2397,480590562,124520484,6,513374,6043,23
513373,2236,2482,480590559,124599075,6,513374,3619,24
513373,2236,2483,480590559,124600207,6,513374,3697,25
513373,4762,4014,480590554,124768755,6,513374,6615,5375
513373,4763,4015,480590553,124805184,6,513374,6617,5377
513373,4763,4016,480590552,124808851,6,513374,6618,5378
513373,4764,4017,480590559,124620572,6,513374,6620,5380
513373,82,88,480520809,124811617,2,523303,20,1
513373,179,128,480271937,124811612,2,523303,116,2
513373,3911,264,480568422,124811617,2,523303,262,3
513373,977,273,480439692,124811615,2,523303,373,4
513373,195,275,480444804,124811615,2,523303,235,5
513373,1008,278,480518477,124811616,2,523303,263,6
513373,251,365,480552551,124811617,2,523303,228,7
513373,3133,533,480523876,124811617,2,523303,1036,8
513373,2676,639,480326873,124811612,2,523303,1106,9
513373,1937,1837,480547642,124811617,2,523303,828,10
513373,4733,1884,480520522,124811617,2,523303,517,11
513373,1488,3085,480453682,124811615,2,523303,537,12
513373,1489,3086,480484606,124811616,2,523303,1484,13
513373,2412,3089,480336035,124811613,2,523303,1018,14
513373,4773,3090,480312269,124811612,2,523303,994,15
513373,2414,3091,480312842,124811612,2,523303,994,16
513373,4753,4004,480376328,124811613,2,523303,1782,1613
513373,4754,4005,480176100,124811614,2,523303,1783,1614
513373,4755,4006,480209477,124811613,2,523303,1783,1615
513373,4756,4007,480239541,124811612,2,523303,1784,1616
513373,4757,4008,480216186,124811613,2,523303,1785,1617
513373,4758,4009,480219662,124811613,2,523303,1785,1618
513373,4758,4010,480236146,124811612,2,523303,1786,1619
513373,4759,4011,480239254,124811612,2,523303,1786,1620
513373,4760,4012,480340372,124811613,2,523303,1787,1621
513373,4765,4018,480563064,124811617,2,523303,1793,1627
513373,4766,4019,480468694,124811615,2,523303,1794,1628
513373,4767,4020,480143499,124811614,2,523303,1796,1630
513373,4768,4021,480145748,124811614,2,523303,1797,1631
513373,4769,4022,480460390,124811615,2,523303,1804,1638
513373,4770,4023,480470452,124811616,2,523303,1805,1639
513373,4771,4024,480268788,124811612,2,523303,1806,1640
513373,4772,4025,480303843,124811612,2,523303,1809,1644
513373,4773,4026,480308588,124811612,2,523303,1810,1645
513373,4774,4027,480354525,124811613,2,523303,1811,1646
513373,4774,4028,480355998,124811613,2,523303,1812,1647
513373,4775,4029,480356406,124811613,2,523303,1812,1648
513373,4776,4030,480453068,124811615,2,523303,1813,1649
513373,4777,4031,480244900,124811612,2,523303,1817,1653
