513277,14,1,478724542,124511623,8,513267,26,94
513277,2,2,478789007,124511624,8,513267,68,126
513277,71,3,478608371,124511623,8,513267,1969,128
513277,637,4,478698076,124511623,8,513267,2002,129
513277,207,6,478527175,124511623,8,513267,797,199
513277,1,7,478650667,124511623,8,513267,2168,203
513277,416,8,478506682,124511623,8,513267,2060,1891
513277,632,927,478371735,124511622,8,513267,2791,2350
513277,427,946,478733295,124511623,8,513267,2792,2351
513277,3776,3098,478458741,124511622,8,513267,2803,2363
513277,3777,3099,478535029,124511623,8,513267,2820,2380
513277,3778,3100,478542964,124511623,8,513267,2821,2381
513277,3779,3101,478589147,124511623,8,513267,2823,2383
513277,3780,3102,478619170,124511623,8,513267,2826,2386
513277,3780,3103,478620970,124511623,8,513267,2827,2387
513277,3781,3104,478623547,124511623,8,513267,2827,2388
513277,3782,3105,478726710,124511623,8,513267,2829,2390
513277,3783,3106,478735586,124511623,8,513267,2832,2393
513277,3784,3107,478783076,124511624,8,513267,2833,2394
513277,3785,3108,478656353,124511623,8,513267,2837,2398
513277,3786,3109,478659216,124511623,8,513267,2838,2399
513277,3787,3110,478674024,124511623,8,513267,2839,2400
513277,3788,3111,478683433,124511623,8,513267,2840,2401
513277,3795,3118,478592009,124511623,8,513267,2848,2411
513277,3796,3119,478484511,124511623,8,513267,2849,2412
513277,3797,3120,478518339,124511623,8,513267,2850,2413
513277,3798,3121,478531061,124511623,8,513267,2851,2414
513277,3799,3122,478465940,124511622,8,513267,2852,2415
513277,3802,3125,478694887,124511623,8,513267,2853,2416
513277,3803,3126,478744871,124511623,8,513267,2854,2417
513277,3804,3127,478758574,124511623,8,513267,2854,2418
513277,3805,3128,478766346,124511624,8,513267,2855,2419
513277,3807,3130,478715788,124511623,8,513267,2856,2420
513277,3809,3132,478742171,124511623,8,513267,2857,2421
513277,3811,3134,478730719,124511623,8,513267,2858,2422
513277,3815,3138,478556463,124511624,8,513267,2859,2423
513277,22,10,478340762,124734260,4,513276,23,77
513277,689,11,478340763,124604544,4,513276,776,80
513277,512,12,478340762,124655270,4,513276,128,148
513277,1500,13,478340768,124536119,4,513276,1653,153
513277,583,14,478340762,124744759,4,513276,1112,213
513277,1042,15,478340768,124543251,4,513276,729,235
513277,60,16,478340768,124536885,4,513276,42,236
513277,1117,17,478340762,124655970,4,513276,115,247
513277,3789,3112,478340767,124546551,4,513276,2062,1696
513277,3790,3113,478340766,124571515,4,513276,2063,1697
513277,3791,3114,478340762,124655070,4,513276,2064,1698
513277,3792,3115,478340762,124638372,4,513276,2067,1701
513277,3793,3116,478340768,124532319,4,513276,2069,1703
513277,3794,3117,478340762,124723461,4,513276,2071,1705
513277,3800,3123,478340762,124715829,4,513276,2072,1706
513277,3806,3129,478340769,124529786,4,513276,2073,1707
513277,3808,3131,478340767,124547751,4,513276,2074,1708
513277,3810,3133,478340762,124740959,4,513276,2075,1709
513277,3820,3143,478340768,124541751,4,513276,2076,1710
513277,3823,3146,478340766,124568181,4,513276,2077,1711
513277,3825,3148,478340766,124570081,4,513276,2078,1712
513277,385,19,478790723,124761062,6,513370,2328,27
513277,499,92,478790724,124620715,6,513370,1120,28
513277,476,111,478790725,124569718,6,513370,6,29
513277,786,341,478790723,124729000,6,513370,132,30
513277,3771,351,478790723,124685672,6,513370,178,31
513277,1061,378,478790725,124557385,6,513370,270,32
513277,3769,3096,478790723,124682973,6,513370,183,387
513277,3770,3097,478790725,124518556,6,513370,688,455
513277,3812,3135,478790725,124539321,6,513370,3477,2851
513277,3813,3136,478790725,124542187,6,513370,3478,2852
513277,3816,3139,478790725,124533355,6,513370,3479,2853
513277,3817,3140,478790723,124678740,6,513370,3480,2854
513277,3818,3141,478790724,124618448,6,513370,3481,2855
513277,3821,3144,478790724,124652544,6,513370,3482,2856
513277,3826,3149,478790724,124657576,6,513370,3489,2863
513277,3827,3150,478790724,124639679,6,513370,3491,2865
513277,3828,3151,478790725,124553586,6,513370,3496,2870
513277,3829,3152,478790723,124672608,6,513370,3503,2878
513277,3830,3153,478790723,124700637,6,513370,3504,2879
513277,3831,3154,478790725,124564852,6,513370,3506,2881
513277,3832,3155,478790724,124614448,6,513370,3507,2882
513277,3833,3156,478790724,124622415,6,513370,3509,2884
513277,3834,3157,478790723,124761995,6,513370,3511,2886
513277,3835,3158,478790723,124765761,6,513370,3514,2889
513277,3836,3159,478790723,124762761,6,513370,3515,2890
513277,3837,3160,478790723,124739232,6,513370,3516,2891
513277,3838,3161,478790723,124734233,6,513370,3518,2893
513277,3838,3162,478790723,124731533,6,513370,3519,2894
513277,3839,3163,478790723,124730766,6,513370,3519,2895
513277,3773,108,478752147,124811588,2,523207,58,1
513277,91,184,478447811,124811587,2,523207,1665,2
513277,3774,331,478607099,124811588,2,523207,1471,3
513277,45,354,478544676,124811588,2,523207,1161,4
513277,1015,355,478364119,124811585,2,523207,1006,5
513277,3775,358,478598468,124811588,2,523207,865,6
513277,2727,360,478507737,124811588,2,523207,1009,7
513277,1977,361,478514078,124811588,2,523207,41,8
513277,1186,366,478675205,124811587,2,523207,36,9
513277,3,367,478759593,124811588,2,523207,15,10
513277,3772,369,478568524,124811588,2,523207,165,11
513277,623,370,478576133,124811588,2,523207,1903,12
513277,1021,415,478517637,124811588,2,523207,122,13
513277,193,476,478459428,124811588,2,523207,2073,14
513277,3801,3124,478494893,124811588,2,523207,2257,1880
513277,3814,3137,478600226,124811588,2,523207,2258,1881
513277,3819,3142,478513260,124811588,2,523207,2259,1882
513277,3822,3145,478528273,124811588,2,523207,2260,1883
513277,3824,3147,478429444,124811587,2,523207,2261,1884
513277,3840,3164,478565661,124811588,2,523207,2268,1892
513277,3841,3165,478374672,124811585,2,523207,2279,1903
513277,3842,3166,478433207,124811587,2,523207,2280,1904
513277,3843,3167,478555721,124811588,2,523207,2281,1905
513277,3844,3168,478397661,124811586,2,523207,2282,1906
513277,3845,3169,478478162,124811588,2,523207,2283,1907
513277,3846,3170,478475749,124811588,2,523207,2285,1909
513277,3847,3171,478492438,124811588,2,523207,2287,1911
513277,3848,3172,478502257,124811588,2,523207,2288,1912
513277,3849,3173,478669397,124811587,2,523207,2291,1915
513277,3850,3174,478516328,124811588,2,523207,2294,1918
513277,3851,3175,478521768,124811589,2,523207,2295,1919
