513244,108,1,477026064,123611704,8,513234,167,97
513244,9396,2,477298202,123611710,8,513234,340,161
513244,1639,3,477015305,123611704,8,513234,980,210
513244,421,4,477302743,123611710,8,513234,448,239
513244,1528,5,477259547,123611709,8,513234,925,453
513244,1435,6,477273658,123611709,8,513234,935,454
513244,2137,7,477275417,123611709,8,513234,1628,495
513244,6246,8,476992889,123611704,8,513234,5668,1135
513244,4988,9,477238849,123611708,8,513234,5333,1137
513244,7373,10,477318614,123611711,8,513234,5312,1138
513244,4987,11,477305852,123611710,8,513234,5331,1140
513244,8377,12,477418465,123611714,8,513234,3829,1142
513244,7371,13,477346226,123611712,8,513234,5328,1144
513244,7290,14,477290716,123611710,8,513234,5377,1146
513244,974,15,477060260,123611705,8,513234,578,1192
513244,7190,16,477062592,123611705,8,513234,5573,1193
513244,5782,17,477125052,123611706,8,513234,4714,1195
513244,5307,18,477132456,123611706,8,513234,3858,1196
513244,7191,19,477212423,123611708,8,513234,4993,1202
513244,7288,20,477283354,123611710,8,513234,5289,1206
513244,343,21,477151804,123611706,8,513234,230,1250
513244,5775,22,477128734,123611706,8,513234,3882,1252
513244,5770,23,477130166,123611706,8,513234,5894,1253
513244,7820,24,477152745,123611706,8,513234,3883,1254
513244,404,25,477140882,123611706,8,513234,352,1256
513244,33,26,477026841,123611704,8,513234,16,1408
513244,30,27,477027495,123611704,8,513234,19,1409
513244,1903,28,477126239,123611706,8,513234,1418,2437
513244,3495,29,477150945,123611706,8,513234,2379,2438
513244,5278,30,477278445,123611709,8,513234,4720,2448
513244,3655,32,477059156,123611705,8,513234,2756,3712
513244,2480,33,477057356,123611705,8,513234,1835,3725
513244,3657,34,477066846,123611705,8,513234,2838,3786
513244,3940,35,477210256,123611708,8,513234,2847,3789
513244,2690,36,477070078,123611705,8,513234,1973,3858
513244,4206,37,477266459,123611709,8,513234,3076,4013
513244,2586,38,477263473,123611709,8,513234,1923,4014
513244,4038,39,477272635,123611709,8,513234,3108,4073
513244,4057,40,477287648,123611710,8,513234,3110,4078
513244,4204,41,477313460,123611711,8,513234,3234,4160
513244,4203,42,477317919,123611711,8,513234,3176,4164
513244,4099,44,477334976,123611711,8,513234,3217,4228
513244,4202,45,477344630,123611712,8,513234,3228,4232
513244,2585,46,477353466,123611712,8,513234,1943,4242
513244,4098,47,477339558,123611712,8,513234,3229,4250
513244,4204,48,477314523,123611711,8,513234,3232,4252
513244,2624,49,477308143,123611710,8,513234,1945,4255
513244,2625,50,477309696,123611710,8,513234,1946,4256
513244,4067,51,477300083,123611710,8,513234,3235,4258
513244,4060,52,477297097,123611710,8,513234,3236,4259
513244,7601,6621,477026391,123611704,8,513234,6843,5363
513244,9392,6629,477026759,123611704,8,513234,6843,5364
513244,9582,7836,477236803,123611708,8,513234,6844,5365
513244,10724,8459,477021319,123611704,8,513234,6853,5375
513244,10725,8460,477327081,123611711,8,513234,6855,5377
513244,10726,8461,477027332,123611704,8,513234,6857,5379
513244,10756,8491,477295380,123611710,8,513234,6858,5380
513244,10765,8500,477323195,123611711,8,513234,6859,5381
513244,10782,8517,477326877,123611711,8,513234,6860,5382
513244,10787,8522,477056865,123611705,8,513234,6861,5383
513244,1297,54,476990927,123617736,4,513243,21083,994
513244,9263,55,476990920,123766818,4,513243,8976,2594
513244,8704,56,476990919,123802281,4,513243,1360,2596
513244,1417,57,476990918,123834111,4,513243,16896,2735
513244,10090,58,476990920,123780184,4,513243,4245,2737
513244,2217,60,476990926,123624668,4,513243,10291,6318
513244,5515,61,476990919,123799681,4,513243,14000,6323
513244,1818,62,476990919,123811780,4,513243,5908,6324
513244,6235,64,476990918,123827179,4,513243,14009,6337
513244,8829,65,476990916,123884306,4,513243,613,6338
513244,10621,66,476990919,123787216,4,513243,14240,6698
513244,1796,67,476990922,123713591,4,513243,6290,6943
513244,9771,68,476990915,123902537,4,513243,614,7221
513244,5382,69,476990917,123862375,4,513243,14984,8013
513244,5383,70,476990917,123861108,4,513243,14986,8014
513244,5512,72,476990915,123891972,4,513243,16625,8072
513244,389,73,476990919,123812746,4,513243,511,8073
513244,707,74,476990917,123870640,4,513243,659,8074
513244,396,75,476990918,123825379,4,513243,21082,8075
513244,1793,77,476990922,123712557,4,513243,7714,8215
513244,1795,78,476990922,123711557,4,513243,7730,8216
513244,9676,80,476990921,123752320,4,513243,313,8245
513244,5513,81,476990916,123876507,4,513243,16501,8268
513244,6409,83,476990921,123736354,4,513243,16461,8415
513244,3461,85,476990917,123864175,4,513243,12057,11394
513244,9559,86,476990916,123888339,4,513243,18570,11464
513244,43,87,476990926,123627535,4,513243,173,11541
513244,9576,88,476990926,123626835,4,513243,18804,11544
513244,2534,89,476990918,123833144,4,513243,10331,12077
513244,2535,90,476990918,123828978,4,513243,10331,12078
513244,1,94,476990921,123751587,4,513243,19115,13615
513244,10122,95,476990917,123869674,4,513243,19566,13675
513244,2,96,476990923,123687827,4,513243,19588,13708
513244,9625,7617,476990923,123704658,4,513243,21085,14558
513244,9626,7619,476990923,123702425,4,513243,21087,14559
513244,9481,7681,476990920,123761086,4,513243,18660,14560
513244,9413,7861,476990925,123655064,4,513243,18809,14561
513244,9814,7890,476990923,123703792,4,513243,19676,14563
513244,9705,7954,476990919,123790948,4,513243,21088,14564
513244,9366,7994,476990917,123869974,4,513243,19881,14565
513244,9549,7995,476990917,123870174,4,513243,19461,14566
513244,9391,8017,476990926,123625802,4,513243,21084,14567
513244,10144,8049,476990923,123703558,4,513243,21090,14569
513244,10386,8083,476990920,123761952,4,513243,21091,14570
513244,9617,8214,476990924,123684595,4,513243,18815,14572
513244,9935,8269,476990924,123684461,4,513243,20022,14573
513244,10362,8335,476990917,123870107,4,513243,20075,14574
513244,10139,8339,476990924,123684928,4,513243,20021,14575
513244,10727,8462,476990919,123810546,4,513243,21098,14581
513244,10728,8463,476990921,123741254,4,513243,21099,14582
513244,10729,8464,476990921,123739888,4,513243,21101,14584
513244,10730,8465,476990917,123858741,4,513243,21102,14585
513244,10731,8466,476990916,123878773,4,513243,21103,14586
513244,10732,8467,476990919,123808581,4,513243,21104,14587
513244,10733,8468,476990918,123819545,4,513243,21105,14588
513244,10734,8469,476990918,123822779,4,513243,21106,14589
513244,10735,8470,476990923,123706325,4,513243,21107,14590
513244,10736,8471,476990922,123708892,4,513243,21109,14592
513244,10737,8472,476990922,123715924,4,513243,21110,14593
513244,10738,8473,476990918,123845110,4,513243,21111,14594
513244,10739,8474,476990918,123843377,4,513243,21112,14595
513244,10740,8475,476990919,123809880,4,513243,21113,14596
513244,10741,8476,476990919,123816413,4,513243,21114,14597
513244,10742,8477,476990920,123754786,4,513243,21115,14598
513244,10743,8478,476990920,123760586,4,513243,21117,14600
513244,10744,8479,476990916,123874407,4,513243,21120,14603
513244,10745,8480,476990917,123865608,4,513243,21122,14605
513244,10746,8481,476990918,123822412,4,513243,21126,14609
513244,10747,8482,476990918,123822879,4,513243,21127,14610
513244,10748,8483,476990922,123727222,4,513243,21129,14612
513244,10749,8484,476990918,123839143,4,513243,21131,14614
513244,10750,8485,476990916,123888573,4,513243,21132,14615
513244,10751,8486,476990920,123766218,4,513243,21134,14617
513244,10752,8487,476990921,123731789,4,513243,21136,14619
513244,10754,8489,476990922,123710424,4,513243,21137,14620
513244,10755,8490,476990919,123796482,4,513243,21138,14621
513244,10757,8492,476990921,123732322,4,513243,21139,14622
513244,10758,8493,476990921,123746453,4,513243,21140,14623
513244,10759,8494,476990920,123758552,4,513243,21141,14624
513244,10760,8495,476990919,123806447,4,513243,21142,14625
513244,10762,8497,476990918,123837277,4,513243,21143,14626
513244,10763,8498,476990919,123816980,4,513243,21144,14627
513244,10764,8499,476990919,123819045,4,513243,21144,14628
513244,10768,8503,476990918,123825145,4,513243,21145,14629
513244,10769,8504,476990922,123719156,4,513243,21146,14630
513244,10770,8505,476990921,123731022,4,513243,21147,14631
513244,10771,8506,476990921,123728955,4,513243,21147,14632
513244,10776,8511,476990915,123904704,4,513243,21148,14633
513244,10778,8513,476990918,123823745,4,513243,21149,14634
513244,10779,8514,476990918,123840177,4,513243,21150,14635
513244,10780,8515,476990915,123898305,4,513243,21151,14636
513244,10784,8519,476990918,123823479,4,513243,21152,14637
513244,10785,8520,476990922,123720456,4,513243,21153,14638
513244,10786,8521,476990920,123765085,4,513243,21154,14639
513244,10714,191,477440881,123635745,6,513245,6175,39
513244,639,363,477440879,123740433,6,513245,479,40
513244,422,447,477440876,123876416,6,513245,227,41
513244,10713,764,477440879,123760531,6,513245,5036,42
513244,986,1545,477440879,123738966,6,513245,589,43
513244,8359,1546,477440881,123628646,6,513245,3775,44
513244,2817,2395,477440879,123757431,6,513245,1776,45
513244,7808,2413,477440878,123799426,6,513245,1785,46
513244,5971,3046,477440879,123750965,6,513245,3577,47
513244,7571,3047,477440879,123747266,6,513245,5460,48
513244,688,3049,477440878,123797794,6,513245,298,49
513244,3426,3059,477440875,123910380,6,513245,1747,50
513244,2291,3081,477440879,123759231,6,513245,1538,51
513244,3395,4116,477440877,123821790,6,513245,1798,52
513244,3496,4305,477440880,123728168,6,513245,1845,53
513244,2536,4307,477440879,123733167,6,513245,1545,54
513244,9411,8450,477440881,123636712,6,513245,5752,4732
513244,10783,8518,477440881,123638378,6,513245,6367,5146
513244,10788,8523,477440879,123749199,6,513245,6369,5148
513244,10789,8524,477440879,123749132,6,513245,6375,5154
513244,10790,8525,477440882,123626546,6,513245,6384,5163
513244,10791,8526,477440878,123796427,6,513245,6385,5164
513244,10792,8527,477440881,123638812,6,513245,6389,5168
513244,95,135,477329120,123911677,2,513254,7071,1
513244,855,399,477047691,123911672,2,513254,478,2
513244,1059,2416,477355136,123911677,2,513254,524,5
513244,2233,2484,477313576,123911676,2,513254,1998,6
513244,528,3050,477324457,123911676,2,513254,402,7
513244,10718,3051,477353827,123911677,2,513254,2214,8
513244,9573,3052,477348469,123911677,2,513254,2649,9
513244,9227,3053,477040982,123911672,2,513254,6949,10
513244,3036,3054,477044337,123911672,2,513254,2566,11
513244,3038,3056,477423366,123911679,2,513254,3631,12
513244,10721,3060,477376121,123911678,2,513254,1997,13
513244,3040,3066,477318812,123911676,2,513254,2666,14
513244,8482,5993,477433512,123911679,2,513254,5820,16
513244,9385,7818,477233483,123911674,2,513254,6828,17
513244,8660,8453,477066958,123911672,2,513254,6359,5170
513244,10719,8454,477067367,123911672,2,513254,6368,5177
513244,10720,8455,477066426,123911672,2,513254,6382,5183
513244,10446,8456,477373749,123911678,2,513254,6830,5483
513244,10722,8457,477386757,123911678,2,513254,7265,5730
513244,10753,8488,476998236,123911671,2,513254,7441,5846
513244,10761,8496,477011244,123911671,2,513254,7442,5847
513244,10766,8501,477312636,123911676,2,513254,7443,5848
513244,10767,8502,477055627,123911672,2,513254,7444,5849
513244,10772,8507,477013085,123911671,2,513254,7445,5850
513244,10773,8508,477000609,123911671,2,513254,7446,5851
513244,10774,8509,476992345,123911670,2,513254,7447,5852
513244,10775,8510,476993286,123911670,2,513254,7447,5853
513244,10777,8512,477036606,123911671,2,513254,7448,5854
513244,10781,8516,477387739,123911678,2,513254,7449,5855
513244,10793,8528,477009240,123911671,2,513254,7467,5873
513244,10794,8529,477004863,123911671,2,513254,7468,5874
513244,10795,8530,477006376,123911671,2,513254,7470,5876
513244,10796,8531,477003267,123911671,2,513254,7472,5878
513244,10797,8532,477001632,123911671,2,513254,7473,5879
513244,10798,8533,477000036,123911671,2,513254,7476,5882
513244,10799,8534,476996436,123911670,2,513254,7478,5884
513244,10800,8535,476994882,123911670,2,513254,7480,5886
513244,10801,8536,477035542,123911671,2,513254,7483,5889
513244,10802,8537,477039183,123911672,2,513254,7484,5890
513244,10803,8538,477040411,123911672,2,513254,7485,5891
